0.0659963
0.0993374
0.0601649
0.0670457
0.0624234
0.056935
0.0598716
0.0675261
0.0615454
0.0599352
0.0621013
0.0568734
0.0692394
0.0532627
0.0566408
0.0565251
0.057136
0.0614437
0.0584258
0.0565062
0.0611064
0.0554658
0.0538383
0.0568016
0.0561284
0.0574412
0.0587134
0.0544599
0.0567487
0.0588718
0.0572496
0.0553083
0.059145
0.0579602
0.0563647
0.0573694
0.0562092
0.0560377
0.0591261
0.056368
0.0560668
0.0568935
0.0604845
0.056471
0.0571138
0.0577218
0.0544102
0.0538826
0.0555405
0.0534933
0.0541308
0.0547384
0.0529038
0.0530765
0.0553686
0.0561399
0.0607163
0.0995557
0.0700865
0.0547368
0.0611905
0.0579228
0.0559893
0.0557645
0.0535836
0.0586929
0.0596135
0.0548697
0.0521427
0.0555713
0.0609998
0.0560947
0.055872
0.0547302
0.0556024
0.055282
0.0790112
0.0600984
0.0639044
0.0527278
0.0527926
0.0523762
0.0533542
0.0561563
0.0585013
0.0578896
0.0541579
0.0555019
0.0588533
0.0544997
0.0556529
0.0612997
0.0560353
0.0566416
0.0603544
0.0591893
0.0573678
0.0652377
0.0566962
0.0578326
