0.321754
0.278133
0.283043
0.284336
0.293245
0.273592
0.277308
0.282662
0.299984
0.325867
0.318192
0.308029
0.285003
0.301551
0.311026
0.302294
0.282303
0.282669
0.300878
0.297895
0.294574
0.283039
0.299238
0.301132
0.2993
0.301647
0.321488
0.299859
0.291832
0.281983
0.286261
0.304015
0.297629
0.283046
0.284195
0.300654
0.300628
0.293695
0.27871
0.296384
0.304969
0.314143
0.313997
0.298834
0.32287
0.375815
0.353208
0.31236
0.344104
0.337476
0.282872
0.29108
0.333677
0.305696
0.296967
0.300301
0.333585
0.321564
0.296644
0.288226
0.306016
0.301376
0.299139
0.304789
0.306327
0.316702
0.315839
0.283382
0.282419
0.281725
0.272248
0.278354
0.289397
0.279628
0.281294
0.294197
0.288639
0.312335
0.298166
0.286186
0.286148
0.285793
0.279202
0.287087
0.291227
0.295002
0.289036
0.289194
0.279486
0.28401
0.283024
0.290899
0.283366
0.287982
0.28452
0.289858
0.284795
0.289209
0.307494
0.314615
Koniec
